osu file format v11

[General]
AudioFilename: End Time.mp3
AudioLeadIn: 1000
PreviewTime: 77334
Countdown: 0
SampleSet: Soft
StackLeniency: 0.4
Mode: 0
LetterboxInBreaks: 0

[Editor]
Bookmarks: 1335,13334,34668,56001,77334,98668,109334,120001
DistanceSpacing: 0.9
BeatDivisor: 4
GridSize: 4

[Metadata]
Title:End Time
TitleUnicode:End Time
Artist:Cres
ArtistUnicode:Cres
Creator:Maddy
Version:eXtra
Source:BMS
Tags:of Fighters 2006 ReQuiEm tRanCe Philippines -kevincela- Mr Color
BeatmapID:209276
BeatmapSetID:73474

[Difficulty]
HPDrainRate:6
CircleSize:4
OverallDifficulty:8
ApproachRate:9
SliderMultiplier:1.8
SliderTickRate:1

[Events]
//Background and Video events
0,0,"endtime.jpg"
//Break Periods
//Storyboard Layer 0 (Background)
//Storyboard Layer 1 (Fail)
//Storyboard Layer 2 (Pass)
//Storyboard Layer 3 (Foreground)
//Storyboard Sound Samples
//Background Colour Transformations
3,100,0,0,0

[TimingPoints]
1342,333.333333333333,4,2,0,100,1,0
1342,-200,4,2,0,50,0,0
13341,-200,4,1,0,50,0,0
13508,-100,4,2,0,100,0,0
29341,-100,4,1,0,40,0,0
30675,-100,4,1,0,55,0,0
32008,-100,4,2,0,100,0,1
33341,-100,4,2,0,75,0,1
34008,-100,4,1,0,35,0,1
34341,-100,4,1,0,50,0,1
34675,-200,4,2,0,40,0,0
34841,-200,4,2,0,70,0,0
56008,-100,4,2,0,100,0,0
56008,-100,4,2,0,100,0,0
77341,-100,4,2,0,75,0,0
78008,-100,4,2,0,60,0,0
78175,-100,4,2,0,75,0,0
78341,-100,4,2,0,90,0,0
78508,-100,4,2,0,100,0,0
78675,-100,4,2,0,75,0,0
79341,-100,4,2,0,60,0,0
79508,-100,4,2,0,75,0,0
79675,-100,4,2,0,90,0,0
79841,-100,4,2,0,100,0,0
80008,-100,4,2,0,75,0,0
80675,-100,4,2,0,60,0,0
80841,-100,4,2,0,75,0,0
81008,-100,4,2,0,90,0,0
81341,-100,4,2,0,100,0,0
82008,-100,4,2,0,90,0,0
82175,-100,4,2,0,75,0,0
82675,-100,4,2,0,75,0,0
83341,-100,4,2,0,60,0,0
83508,-100,4,2,0,75,0,0
83675,-100,4,2,0,90,0,0
83841,-100,4,2,0,100,0,0
84008,-100,4,2,0,75,0,0
85008,-100,4,2,0,75,0,0
85175,-100,4,2,0,90,0,0
85341,-100,4,2,0,100,0,0
86341,-100,4,2,0,90,0,0
86508,-100,4,2,0,75,0,0
87675,-100,4,2,0,100,0,0
88008,-100,4,2,0,75,0,0
89008,-100,4,2,0,80,0,0
89175,-100,4,2,0,100,0,0
89341,-100,4,2,0,75,0,0
90341,-100,4,2,0,80,0,0
90508,-100,4,2,0,100,0,0
90675,-100,4,2,0,75,0,0
91341,-100,4,2,0,50,0,0
91675,-100,4,2,0,65,0,0
91841,-100,4,2,0,80,0,0
92008,-100,4,2,0,100,0,0
93341,-100,4,2,0,75,0,0
94341,-100,4,2,0,50,0,0
94508,-100,4,2,0,80,0,0
94675,-100,4,2,0,75,0,0
95341,-100,4,2,0,60,0,0
95508,-100,4,2,0,75,0,0
95675,-100,4,2,0,90,0,0
95841,-100,4,2,0,100,0,0
96008,-100,4,2,0,75,0,0
97341,-100,4,2,0,50,0,0
98008,-100,4,2,0,60,0,0
98175,-100,4,2,0,75,0,0
98341,-100,4,2,0,90,0,0
98508,-100,4,2,0,100,0,0
98675,-100,4,2,0,100,0,1
107341,-100,4,2,0,75,0,1
108008,-100,4,2,0,100,0,1
109341,-100,4,2,0,100,0,0
117341,-100,4,2,0,80,0,0
117675,-100,4,2,0,65,0,0
118008,-100,4,2,0,50,0,0
118341,-100,4,2,0,35,0,0
118675,-100,4,1,0,35,0,0
119008,-100,4,1,0,50,0,0
119341,-100,4,1,0,75,0,0
119675,-100,4,1,0,100,0,0
120008,-200,4,2,0,50,0,0
124001,375,4,2,0,50,1,0
124001,-200,4,2,0,50,0,0
124751,400,4,2,0,50,1,0
125551,352.941176470588,4,2,0,50,1,0
125551,-200,4,2,0,50,0,0
126256,375,4,2,0,50,1,0
127024,428.571428571429,4,2,0,50,1,0
127024,-200,4,2,0,50,0,0
128756,500,4,2,0,50,1,0
128756,-200,4,2,0,50,0,0
129256,-200,4,2,0,30,0,0
129756,-200,4,2,0,15,0,0


[Colours]
Combo1 : 85,202,143
Combo2 : 126,192,214
Combo3 : 196,192,233

[HitObjects]
256,104,1342,6,0,P|344:64|400:112,1,180,2|0,0:0|0:0,0:0:0
328,164,2342,2,2,P|364:196|412:196,1,90
472,140,3008,1,2,0:0:0
492,228,3342,2,2,P|416:288,1,90
332,264,4008,2,0,P|264:224|196:288,1,180,2|0,0:0|0:0,0:0:0
272,332,5008,6,2,P|240:364|192:376,1,90
120,328,5675,1,2,0:0:0
160,248,6008,2,2,P|64:232,1,90
96,148,6675,6,0,P|280:176,1,180,2|0,0:0|0:0,0:0:0
444,60,8008,2,0,P|408:120|408:120|376:172|416:224,1,180,2|0,0:0|0:0,0:0:0
68,60,9341,2,0,P|104:120|104:120|136:172|96:224,1,180,2|0,0:0|0:0,0:0:0
256,192,11841,12,4,13341,0:0:0
160,76,13508,5,2,0:0:0
184,172,13675,2,2,P|188:216|156:268,1,90,2|2,0:0|0:0,0:0:0
88,196,14008,1,2,0:0:0
276,240,14175,1,2,0:0:0
296,64,14341,1,2,0:0:0
316,152,14508,2,2,P|392:168|456:92,1,180
252,332,15008,6,2,P|296:332|336:312,1,90,2|2,0:0|0:0,0:0:0
376,220,15341,1,2,0:0:0
252,332,15508,1,2,0:0:0
424,332,15675,1,2,0:0:0
276,240,15841,2,2,P|188:248|144:332,1,180
376,220,16341,6,2,P|384:180|372:132,1,90
152,176,16675,1,2,0:0:0
304,176,16841,1,2,0:0:0
68,176,17008,1,2,0:0:0
188,252,17175,2,2,P|232:184|188:104,1,180
88,264,17675,6,2,P|48:356,1,90,2|2,0:0|0:0,0:0:0
320,344,18008,2,2,P|284:261,1,90,2|2,0:0|0:0,0:0:0
116,108,18341,1,2,0:0:0
188,328,18508,2,2,P|204:232|148:176,1,180
124,260,19008,6,2,P|220:236,1,90
388,124,19341,2,2,P|292:148,1,90
236,208,19674,1,2,0:0:0
344,48,19841,2,2,P|432:52|476:128,1,180
176,200,20341,6,2,P|128:192|80:212,1,90,2|2,0:0|0:0,0:0:0
28,284,20675,1,2,0:0:0
120,104,20841,1,2,0:0:0
256,256,21008,1,2,0:0:0
180,304,21175,2,2,P|264:344|336:300,1,180
364,164,21675,6,2,P|464:136,1,90,2|2,0:0|0:0,0:0:0
276,120,22008,2,2,P|176:148,1,90
364,164,22341,1,2,0:0:0
248,36,22508,2,2,P|64:88,1,180
76,308,23008,5,2,0:0:0
140,232,23175,1,2,0:0:0
300,324,23341,1,2,0:0:0
252,236,23508,1,2,0:0:0
400,352,23675,1,2,0:0:0
200,152,23841,1,2,0:0:0
400,352,24008,6,2,P|440:336|472:300,1,90,4|0,0:0|0:0,0:0:0
473,119,24341,2,2,P|452:160|448:204,1,90,2|2,0:0|0:0,0:0:0
372,256,24675,1,2,0:0:0
380,96,24841,1,2,0:0:0
456,292,25008,1,2,0:0:0
308,176,25175,2,2,P|272:264|308:340,1,180
136,124,25675,6,2,P|88:136|32:140,1,90,2|2,0:0|0:0,0:0:0
224,152,26008,2,2,P|269:151|320:160,1,90
156,208,26341,1,2,0:0:0
316,72,26508,2,2,P|392:112|396:208,1,180
152,332,27008,6,2,P|248:324,1,90,2|2,0:0|0:0,0:0:0
312,256,27341,1,2,0:0:0
156,208,27508,1,2,0:0:0
344,344,27675,1,2,0:0:0
344,136,27841,2,2,P|424:116|480:184,1,180
360,240,28341,6,2,P|308:256|256:252,1,90,2|2,0:0|0:0,0:0:0
72,152,28675,1,2,0:0:0
192,220,28841,1,2,0:0:0
192,80,29008,1,2,0:0:0
192,80,29175,1,2,0:0:0
240,312,29341,5,0,0:0:0
183,230,29507,1,0,0:0:0
102,287,29674,1,0,0:0:0
158,368,29841,1,0,0:0:0
232,292,30008,5,0,0:0:0
102,331,30175,1,0,0:0:0
63,202,30342,1,0,0:0:0
192,162,30508,1,0,0:0:0
312,220,30675,5,0,0:0:0
224,268,30841,1,0,0:0:0
396,172,31008,2,0,P|384:272,1,90
200,220,31341,5,0,0:0:0
240,312,31508,1,0,0:0:0
168,128,31675,2,0,P|260:144,1,90
396,172,32008,6,2,P|388:124,1,45
337,252,32175,2,2,P|280:264,1,45
417,310,32341,2,2,P|424:364,1,45
475,231,32508,2,2,P|520:224,1,45
460,104,32675,6,2,P|496:68,1,45
356,80,32841,2,2,P|336:40,1,45
280,144,33008,2,2,P|240:120,1,45
248,240,33175,2,2,P|204:244,1,45
296,336,33341,5,2,0:0:0
276,344,33425,1,2,0:0:0
256,348,33508,1,2,0:0:0
232,348,33591,1,2,0:0:0
208,344,33675,1,2,0:0:0
188,336,33758,1,2,0:0:0
168,324,33841,1,2,0:0:0
152,308,33925,1,2,0:0:0
140,288,34008,5,0,0:0:0
136,268,34091,1,0,0:0:0
136,244,34175,1,0,0:0:0
136,220,34258,1,0,0:0:0
136,196,34341,1,0,0:0:0
136,172,34425,1,0,0:0:0
136,148,34508,1,0,0:0:0
136,124,34591,1,0,0:0:0
136,100,34675,6,0,P|192:40|284:56,1,180,6|0,0:0|0:0,0:0:0
292,144,35675,2,2,P|344:128,1,45
392,64,36008,2,2,P|424:152|360:220,1,180,2|0,0:0|0:0,0:0:0
288,236,37008,2,2,P|280:288,1,45
268,372,37341,6,0,P|200:324|204:232,1,180,2|0,0:0|0:0,0:0:0
244,156,38341,2,2,P|200:124,1,45
276,52,38675,2,0,P|196:24|116:72,1,180,2|2,0:0|0:0,0:0:0
124,156,40008,5,2,0:0:0
388,228,41341,1,2,0:0:0
284,84,42008,2,0,P|280:128|300:180,1,90,2|0,0:0|0:0,0:0:0
296,260,42675,6,0,P|196:276|196:276|152:284|116:252,1,180,2|0,0:0|0:0,0:0:0
48,88,44008,2,0,P|132:108|232:100,1,180,2|0,0:0|0:0,0:0:0
455,106,45341,6,2,P|416:48|316:56,1,180
172,165,46675,2,2,P|212:224|312:216,1,180
256,152,48008,5,2,0:0:0
256,328,49341,1,2,0:0:0
256,236,50008,1,2,0:0:0
336,280,50675,6,0,P|320:172|260:148,1,180,2|0,0:0|0:0,0:0:0
148,159,51675,2,2,P|156:180|172:196,1,45
196,88,52008,2,0,P|112:72|60:140,1,180,2|2,0:0|0:0,0:0:0
172,324,53341,6,0,P|368:304,1,180,2|0,0:0|0:0,0:0:0
480,132,54675,2,0,P|284:152,1,180,2|0,0:0|0:0,0:0:0
272,152,55425,1,0,0:0:0
244,144,55508,1,2,0:0:0
228,124,55591,1,2,0:0:0
224,96,55675,1,2,0:0:0
232,72,55758,1,2,0:0:0
252,56,55841,1,2,0:0:0
280,48,55925,1,2,0:0:0
312,52,56008,6,2,P|352:52|404:40,1,90
200,332,56508,2,2,P|160:332|108:344,1,90
296,236,57008,1,2,0:0:0
216,148,57175,1,0,0:0:0
296,236,57341,6,2,P|336:240|388:216,1,90
216,148,57841,2,2,P|176:144|124:168,1,90
308,120,58341,1,2,0:0:0
204,264,58508,1,0,0:0:0
396,84,58675,6,2,P|400:132|384:176,1,90
116,300,59175,2,0,P|112:252|128:208,2,90,2|2|0,0:0|0:0|0:0,0:0:0
200,352,59675,1,2,0:0:0
288,304,59841,1,0,0:0:0
236,220,60008,1,2,0:0:0
260,204,60091,1,2,0:0:0
288,200,60175,6,2,P|316:204|344:220,1,45
400,128,60425,2,2,P|424:116|440:100,1,45
428,212,60675,2,2,P|456:308,1,90
58,298,61008,2,2,P|84:212,1,90
116,116,61341,5,4,0:0:0
212,148,61508,1,2,0:0:0
232,132,61591,1,2,0:0:0
156,308,61841,1,0,0:0:0
244,260,62008,1,2,0:0:0
252,284,62091,1,2,0:0:0
308,148,62341,1,0,0:0:0
372,280,62508,1,0,0:0:0
448,148,62675,5,2,0:0:0
432,116,62758,1,2,0:0:0
400,96,62841,2,2,P|400:72|408:48,1,45
196,96,63175,2,2,P|180:40,3,45
208,136,63508,1,0,0:0:0
112,160,63675,5,2,0:0:0
284,200,63841,1,2,0:0:0
372,40,64008,2,2,P|328:56,2,45
380,132,64341,2,2,P|432:152,2,45
288,128,64675,1,2,0:0:0
288,128,64758,1,2,0:0:0
456,196,64925,1,2,0:0:0
456,196,65008,2,2,P|472:288,1,90
300,340,65341,5,2,0:0:0
264,336,65425,1,2,0:0:0
232,316,65508,1,2,0:0:0
216,284,65591,1,2,0:0:0
216,248,65675,1,2,0:0:0
228,216,65758,1,2,0:0:0
232,180,65841,1,2,0:0:0
220,148,65925,1,2,0:0:0
196,124,66008,2,2,P|120:112|96:132,1,90
144,192,66341,1,0,0:0:0
316,160,66508,1,0,0:0:0
252,328,66675,5,4,0:0:0
320,256,66841,1,2,0:0:0
292,248,66925,1,2,0:0:0
428,304,67175,1,0,0:0:0
408,208,67341,1,2,0:0:0
432,196,67425,1,2,0:0:0
296,136,67675,1,0,0:0:0
164,260,67841,1,0,0:0:0
96,92,68008,5,2,0:0:0
136,108,68091,1,2,0:0:0
180,100,68175,2,2,P|204:88|216:64,1,45
292,248,68508,2,2,P|273:229|248:224,1,45
240,320,68675,1,2,0:0:0
284,332,68758,1,2,0:0:0
328,328,68841,1,2,0:0:0
400,156,69008,1,2,0:0:0
452,328,69175,1,2,0:0:0
292,248,69341,6,0,P|244:244|200:272,1,90,4|0,0:0|0:0,0:0:0
484,204,69675,2,0,P|496:160|488:112,1,90
228,54,70008,2,0,P|272:68|316:68,1,90,4|0,0:0|0:0,0:0:0
356,60,70258,2,0,P|312:132|332:176,1,135
408,132,70675,5,2,0:0:0
408,132,70758,1,2,0:0:0
408,132,70841,2,2,P|428:120|440:100,1,45
240,148,71175,1,0,0:0:0
356,216,71341,1,2,0:0:0
340,248,71425,1,2,0:0:0
316,272,71508,1,2,0:0:0
284,284,71591,1,0,0:0:0
248,280,71675,2,2,P|224:320|232:372,1,90
272,204,72008,5,2,0:0:0
236,200,72091,1,2,0:0:0
200,208,72175,2,2,P|176:228|164:252,1,45
324,108,72508,1,2,0:0:0
188,116,72675,1,2,0:0:0
152,108,72758,1,2,0:0:0
124,84,72841,1,0,0:0:0
192,32,73008,1,0,0:0:0
108,192,73175,1,0,0:0:0
192,352,73341,5,2,0:0:0
224,336,73425,1,2,0:0:0
256,320,73508,2,2,P|304:296,1,45
256,64,73841,2,2,P|208:88,1,45
188,104,74008,2,2,P|188:148|220:188,1,90
380,140,74341,2,0,P|288:168,1,90
80,224,74675,5,2,0:0:0
104,252,74758,1,2,0:0:0
136,264,74841,2,2,P|160:264|184:260,1,45
216,148,75091,2,2,P|192:148|168:152,1,45
272,248,75341,5,2,0:0:0
300,272,75425,1,2,0:0:0
328,296,75508,1,2,0:0:0
468,296,75675,5,2,0:0:0
436,268,75758,1,2,0:0:0
404,240,75841,1,2,0:0:0
228,68,76008,5,2,0:0:0
196,100,76091,1,2,0:0:0
152,108,76175,2,2,P|128:112|96:104,1,45
36,156,76341,5,2,0:0:0
68,188,76424,1,2,0:0:0
112,196,76508,2,2,P|136:200|168:192,1,45
256,152,76675,5,2,0:0:0
288,196,76758,1,2,0:0:0
284,248,76841,2,2,P|280:272|260:304,1,45
388,104,77008,2,2,P|352:80|296:80,1,90
196,220,77341,5,0,0:0:0
192,260,77425,1,0,0:0:0
204,296,77508,1,0,0:0:0
232,324,77591,1,0,0:0:0
272,336,77675,1,0,0:0:0
312,336,77758,1,0,0:0:0
348,316,77841,1,0,0:0:0
368,280,77925,1,0,0:0:0
372,240,78008,6,2,P|412:208,1,45
336,112,78175,2,2,P|312:160,1,45
196,220,78341,2,2,P|184:152,1,45
72,76,78508,2,2,P|80:136,1,45
132,292,78675,5,0,0:0:0
168,308,78758,1,0,0:0:0
208,308,78841,1,0,0:0:0
248,292,78925,1,0,0:0:0
272,260,79008,1,0,0:0:0
276,220,79091,1,0,0:0:0
268,180,79175,1,0,0:0:0
244,148,79258,1,0,0:0:0
204,136,79341,6,2,P|176:136|144:144,1,45
268,180,79508,2,2,P|296:180|328:172,1,45
284,76,79675,2,2,P|287:59|287:31,1,45
196,236,79841,2,2,P|192:252|192:280,1,45
76,344,80008,5,0,0:0:0
48,316,80091,1,0,0:0:0
44,276,80175,1,0,0:0:0
56,240,80258,1,0,0:0:0
88,216,80341,1,0,0:0:0
128,212,80425,1,0,0:0:0
168,220,80508,1,0,0:0:0
204,240,80591,1,0,0:0:0
236,268,80675,5,2,0:0:0
276,280,80758,1,2,0:0:0
316,272,80841,1,2,0:0:0
352,252,80925,1,2,0:0:0
372,216,81008,1,2,0:0:0
372,176,81091,1,2,0:0:0
352,140,81175,1,2,0:0:0
320,120,81258,1,2,0:0:0
280,116,81341,6,2,P|232:112,5,30
168,120,81675,2,2,P|160:84,5,30
228,192,82008,1,0,0:0:0
196,216,82091,1,2,0:0:0
156,220,82175,1,2,0:0:0
116,208,82258,1,2,0:0:0
84,184,82341,2,2,P|76:160|80:136,3,45
56,284,82675,5,0,0:0:0
96,288,82758,1,0,0:0:0
136,292,82841,1,0,0:0:0
176,296,82925,1,0,0:0:0
216,300,83008,1,0,0:0:0
256,304,83091,1,0,0:0:0
296,308,83175,1,0,0:0:0
336,312,83258,1,0,0:0:0
376,316,83341,6,2,P|380:264,1,45
388,148,83508,2,2,P|384:192,1,45
472,152,83675,1,2,0:0:0
460,104,83758,1,2,0:0:0
424,72,83841,1,2,0:0:0
376,64,83925,1,2,0:0:0
332,84,84008,6,0,P|316:108|304:136,3,45
188,108,84341,2,0,P|160:104|136:96,3,45
252,204,84675,2,0,P|276:216|304:220,3,45,0|0|2|2,0:0|0:0|0:0|0:0,0:0:0
132,204,85008,5,2,0:0:0
108,248,85091,1,2,0:0:0
112,296,85175,1,2,0:0:0
144,332,85258,1,2,0:0:0
192,344,85341,6,2,P|224:332,5,30
320,292,85675,2,2,P|304:264,5,30
184,220,86008,2,2,P|152:248,5,30
272,200,86341,1,2,0:0:0
280,164,86425,1,2,0:0:0
264,132,86508,1,2,0:0:0
232,116,86591,1,2,0:0:0
196,128,86675,6,0,P|168:132|140:124,3,45
276,56,87008,2,0,P|304:52|332:60,3,45,0|0|0|0,0:0|0:0|0:0|0:0,0:0:0
352,128,87341,1,0,0:0:0
356,164,87425,1,0,0:0:0
352,200,87508,1,0,0:0:0
340,232,87591,1,0,0:0:0
320,260,87675,2,2,P|272:256,5,30
248,188,88008,5,0,0:0:0
216,208,88091,1,0,0:0:0
204,240,88175,1,0,0:0:0
204,276,88258,1,0,0:0:0
196,312,88341,1,0,0:0:0
168,332,88425,1,0,0:0:0
132,336,88508,1,0,0:0:0
100,320,88591,1,0,0:0:0
84,288,88675,5,0,0:0:0
88,252,88758,1,0,0:0:0
112,224,88841,1,0,0:0:0
144,208,88925,1,0,0:0:0
160,176,89008,2,2,P|164:152|152:128,1,45
272,40,89175,2,2,P|252:44|228:44,1,45
304,136,89341,5,0,0:0:0
340,124,89425,1,0,0:0:0
376,128,89508,1,0,0:0:0
408,148,89591,1,0,0:0:0
428,180,89675,1,0,0:0:0
428,216,89758,1,0,0:0:0
412,248,89841,1,0,0:0:0
380,268,89925,1,0,0:0:0
344,268,90008,5,0,0:0:0
312,256,90091,1,0,0:0:0
280,236,90175,1,0,0:0:0
244,228,90258,1,0,0:0:0
208,232,90341,2,2,P|212:280,1,45
80,268,90508,2,2,P|44:304,1,45
128,192,90675,5,0,0:0:0
156,176,90758,1,0,0:0:0
176,152,90841,1,0,0:0:0
192,124,90925,1,0,0:0:0
192,92,91008,1,0,0:0:0
172,68,91091,1,0,0:0:0
140,64,91175,1,0,0:0:0
120,88,91258,1,0,0:0:0
120,120,91341,5,2,0:0:0
148,136,91425,1,2,0:0:0
180,136,91508,1,2,0:0:0
208,124,91591,1,2,0:0:0
236,112,91675,1,2,0:0:0
264,100,91758,1,2,0:0:0
296,100,91841,1,2,0:0:0
324,112,91925,1,2,0:0:0
340,140,92008,6,2,P|360:184,1,45
280,252,92175,2,2,P|216:244,1,45
336,348,92341,2,2,P|296:368,3,45
404,300,92675,2,2,P|444:280,3,45
328,268,93008,2,2,P|300:232,5,30
256,332,93341,5,0,0:0:0
232,304,93425,1,0,0:0:0
224,268,93508,1,0,0:0:0
228,232,93591,1,0,0:0:0
248,200,93675,1,0,0:0:0
276,180,93758,1,0,0:0:0
312,172,93841,1,0,0:0:0
348,176,93925,1,0,0:0:0
380,192,94008,5,0,0:0:0
344,200,94091,1,0,0:0:0
308,196,94175,1,0,0:0:0
276,180,94258,1,0,0:0:0
252,156,94341,2,2,P|224:104,1,45
128,84,94508,2,2,P|88:108,1,45
276,24,94675,6,0,P|328:36,3,45
376,104,95008,2,0,P|392:52,3,45
464,228,95341,2,2,P|432:192,1,45
372,308,95508,2,2,P|360:260,1,45
256,348,95675,2,2,P|256:300,1,45
256,152,95841,2,2,P|256:204,1,45
176,328,96008,5,0,0:0:0
140,320,96091,1,0,0:0:0
116,292,96175,1,0,0:0:0
104,260,96258,1,0,0:0:0
108,224,96341,1,0,0:0:0
132,196,96425,1,0,0:0:0
164,184,96508,1,0,0:0:0
200,192,96591,1,0,0:0:0
232,212,96675,5,0,0:0:0
264,224,96758,1,0,0:0:0
300,224,96841,1,0,0:0:0
332,208,96925,1,0,0:0:0
356,180,97008,1,0,0:0:0
360,144,97091,1,0,0:0:0
348,112,97175,1,0,0:0:0
324,84,97258,1,0,0:0:0
292,68,97341,6,2,P|268:64|236:64,3,45
172,128,97675,2,2,P|196:132|228:132,3,45
124,60,98008,2,2,P|72:48,1,45
76,152,98175,2,2,P|32:168,1,45
142,281,98341,2,2,P|160:240,1,45
320,332,98508,2,2,P|284:288,1,45
240,228,98675,5,2,0:0:0
396,240,98841,2,2,P|432:276,1,45
464,184,99008,5,2,0:0:0
444,144,99091,1,2,0:0:0
404,120,99175,1,2,0:0:0
360,112,99258,1,2,0:0:0
316,124,99341,1,2,0:0:0
280,152,99425,1,2,0:0:0
248,184,99508,1,2,0:0:0
204,196,99591,1,2,0:0:0
160,196,99675,1,2,0:0:0
116,180,99758,1,2,0:0:0
84,152,99841,1,2,0:0:0
76,108,99925,1,2,0:0:0
84,64,100008,5,2,0:0:0
120,92,100091,1,2,0:0:0
132,136,100175,1,2,0:0:0
116,180,100258,1,2,0:0:0
88,216,100341,1,2,0:0:0
80,260,100425,1,2,0:0:0
88,304,100508,1,2,0:0:0
116,340,100591,1,2,0:0:0
160,352,100675,1,2,0:0:0
204,344,100758,1,2,0:0:0
236,316,100841,1,2,0:0:0
248,272,100925,1,2,0:0:0
236,228,101008,1,2,0:0:0
232,184,101091,1,2,0:0:0
252,144,101175,1,2,0:0:0
296,128,101258,1,2,0:0:0
340,140,101341,5,2,0:0:0
364,180,101425,1,2,0:0:0
352,224,101508,1,2,0:0:0
316,252,101591,1,2,0:0:0
272,252,101675,1,2,0:0:0
236,228,101758,1,2,0:0:0
192,232,101841,1,2,0:0:0
152,256,101925,1,2,0:0:0
140,300,102008,2,2,P|136:348,1,45
76,224,102175,2,2,P|20:216,1,45
156,164,102341,2,2,P|160:116,1,45
216,240,102508,2,2,P|260:244,1,45
148,232,102675,5,2,0:0:0
236,60,102841,1,2,0:0:0
228,336,103008,1,2,0:0:0
264,336,103091,1,2,0:0:0
296,324,103175,1,2,0:0:0
320,296,103258,1,2,0:0:0
328,260,103341,1,2,0:0:0
320,224,103425,1,2,0:0:0
328,188,103508,1,2,0:0:0
352,160,103591,1,2,0:0:0
388,152,103675,2,2,P|412:152|440:160,3,45
428,256,104008,5,2,0:0:0
392,284,104091,1,2,0:0:0
348,292,104175,1,2,0:0:0
304,284,104258,1,2,0:0:0
268,256,104341,1,2,0:0:0
244,216,104425,1,2,0:0:0
244,172,104508,1,2,0:0:0
264,132,104591,1,2,0:0:0
296,100,104675,1,2,0:0:0
256,80,104758,1,2,0:0:0
212,84,104841,1,2,0:0:0
172,104,104925,1,2,0:0:0
152,144,105008,1,2,0:0:0
152,188,105091,1,2,0:0:0
172,228,105175,1,2,0:0:0
208,252,105258,1,2,0:0:0
252,260,105341,5,2,0:0:0
232,300,105425,1,2,0:0:0
192,316,105508,1,2,0:0:0
148,320,105591,1,2,0:0:0
108,300,105675,1,2,0:0:0
84,260,105758,1,2,0:0:0
84,216,105841,1,2,0:0:0
104,176,105925,1,2,0:0:0
144,156,106008,1,2,0:0:0
188,160,106091,1,2,0:0:0
228,180,106175,1,2,0:0:0
272,176,106258,1,2,0:0:0
312,156,106341,1,2,0:0:0
328,112,106425,1,2,0:0:0
316,68,106508,1,2,0:0:0
288,32,106591,1,2,0:0:0
244,24,106675,5,2,0:0:0
188,160,106841,1,2,0:0:0
88,72,107008,1,2,0:0:0
248,104,107175,1,2,0:0:0
144,256,107341,5,2,0:0:0
148,268,107425,1,2,0:0:0
152,280,107508,1,2,0:0:0
156,292,107591,1,2,0:0:0
160,304,107675,1,2,0:0:0
164,316,107758,1,2,0:0:0
168,328,107841,1,2,0:0:0
172,340,107925,1,2,0:0:0
176,352,108008,5,2,0:0:0
208,356,108091,1,2,0:0:0
240,352,108175,1,2,0:0:0
268,336,108258,1,2,0:0:0
288,312,108341,1,2,0:0:0
296,280,108425,1,2,0:0:0
292,248,108508,1,2,0:0:0
276,220,108591,1,2,0:0:0
248,204,108675,5,2,0:0:0
256,160,108758,1,2,0:0:0
288,128,108841,1,2,0:0:0
332,120,108925,1,2,0:0:0
376,132,109008,1,2,0:0:0
404,168,109091,1,2,0:0:0
404,212,109175,1,2,0:0:0
384,252,109258,1,2,0:0:0
344,272,109341,6,2,P|300:280|248:256,1,90
184,212,109675,1,2,0:0:0
184,212,109841,1,2,0:0:0
160,300,110008,1,2,0:0:0
204,124,110175,1,2,0:0:0
332,248,110341,1,2,0:0:0
96,188,110508,1,2,0:0:0
432,56,110841,5,2,0:0:0
336,52,111008,1,2,0:0:0
336,52,111175,1,2,0:0:0
384,132,111341,2,2,P|428:144|476:136,1,90
288,128,111675,1,2,0:0:0
432,56,111841,1,2,0:0:0
80,328,112175,5,2,0:0:0
176,332,112341,1,2,0:0:0
176,332,112508,1,2,0:0:0
128,252,112675,2,2,P|84:240|36:248,1,90
224,256,113009,1,2,0:0:0
80,328,113175,1,2,0:0:0
384,212,113508,5,2,0:0:0
396,120,113675,1,2,0:0:0
396,120,113842,1,2,0:0:0
216,176,114008,2,2,P|256:160|308:156,1,90
280,236,114341,1,2,0:0:0
312,68,114508,1,2,0:0:0
72,328,114841,5,2,0:0:0
160,320,115008,1,2,0:0:0
160,320,115175,1,2,0:0:0
184,144,115341,2,2,P|196:188|188:236,1,90
276,220,115675,1,2,0:0:0
108,192,115841,1,2,0:0:0
368,56,116175,5,2,0:0:0
308,124,116341,1,2,0:0:0
308,124,116507,1,2,0:0:0
381,227,116675,2,2,P|403:139,1,90
280,236,117008,1,2,0:0:0
492,188,117175,1,2,0:0:0
307,127,117341,5,2,0:0:0
293,115,117425,1,2,0:0:0
275,108,117508,1,2,0:0:0
259,104,117591,1,2,0:0:0
240,103,117675,1,2,0:0:0
222,106,117758,1,2,0:0:0
206,111,117841,1,2,0:0:0
190,121,117925,1,2,0:0:0
177,134,118008,1,2,0:0:0
167,147,118091,1,2,0:0:0
159,164,118175,1,2,0:0:0
154,181,118258,1,2,0:0:0
154,199,118341,1,2,0:0:0
156,217,118425,1,2,0:0:0
162,233,118508,1,2,0:0:0
172,250,118591,1,2,0:0:0
184,263,118675,5,0,0:0:0
198,273,118758,1,0,0:0:0
215,281,118841,1,0,0:0:0
232,286,118925,1,0,0:0:0
251,286,119008,1,0,0:0:0
268,284,119091,1,0,0:0:0
284,277,119175,1,0,0:0:0
301,268,119258,1,0,0:0:0
313,256,119341,1,0,0:0:0
324,242,119425,1,0,0:0:0
332,225,119508,1,0,0:0:0
336,208,119591,1,0,0:0:0
337,190,119675,1,0,0:0:0
335,172,119758,1,0,0:0:0
328,155,119841,1,0,0:0:0
320,140,119925,1,0,0:0:0
308,128,120008,6,0,P|220:140|164:76,1,180,2|0,0:0|0:0,0:0:0
252,60,121008,1,2,0:0:0
340,44,121341,2,2,P|388:48|436:64,1,90
411,224,122008,2,2,P|388:188|396:144,1,90
308,168,122675,6,0,P|332:256|400:312,1,180,2|0,0:0|0:0,0:0:0
316,352,123675,1,2,0:0:0
232,308,124001,6,2,P|184:308|152:328,1,67.5
88,296,124563,2,2,P|120:244,1,45
320,200,125151,1,2,0:0:0
212,144,125551,6,0,P|128:124|64:196,1,180,2|0,0:0|0:0,0:0:0
320,200,127024,2,0,P|340:152|336:108,1,90,2|0,0:0|0:0,0:0:0
420,164,127881,6,0,P|424:264,1,90,2|0,0:0|0:0,0:0:0
244,324,128756,6,0,P|236:144,1,180,2|0,0:0|0:0,0:0:0
