osu file format v12

[General]
AudioFilename: Kyuusekkin Lucky Days.mp3
AudioLeadIn: 1000
PreviewTime: 48613
Countdown: 0
SampleSet: Soft
StackLeniency: 0.8
Mode: 0
LetterboxInBreaks: 0

[Editor]
DistanceSpacing: 0.7
BeatDivisor: 4
GridSize: 4

[Metadata]
Title:Kyuusekkin Lucky Days (TV Size)
TitleUnicode:急接近ラッキーDAYS (TV Size)
Artist:Satou Rina, Inoue Marina & Chihara Minori
ArtistUnicode:佐藤利奈, 井上麻里奈 & 茅原実里
Creator:Fycho
Version:Insane
Source:Minami-ke Tadaima
Tags:みなみけ ただいま ED Ending happy623 Sun Rainbow
BeatmapID:264364
BeatmapSetID:99364

[Difficulty]
HPDrainRate:7
CircleSize:4
OverallDifficulty:7
ApproachRate:9
SliderMultiplier:1.9
SliderTickRate:1

[Events]
//Background and Video events
0,0,"bg.jpg",0,0
Video,0,"Kyuusekkin Lucky Days(TV size).avi"
//Break Periods
//Storyboard Layer 0 (Background)
//Storyboard Layer 1 (Fail)
//Storyboard Layer 2 (Pass)
//Storyboard Layer 3 (Foreground)
//Storyboard Sound Samples
//Background Colour Transformations
3,100,163,162,255

[TimingPoints]
221,357.142857142857,4,2,1,50,1,0
4506,-100,4,2,2,70,0,0
7363,-100,4,2,1,70,0,0
11292,-133.333333333333,4,2,1,40,0,0
11649,-100,4,2,1,70,0,0
32720,-100,4,2,1,50,0,0
33078,-100,4,2,1,70,0,0
34238,-100,4,2,1,65,0,0
34328,-100,4,2,1,60,0,0
34417,-100,4,2,1,55,0,0
34506,-133.333333333333,4,2,1,50,0,0
40042,-100,4,2,1,60,0,0
48792,-100,4,2,1,80,0,1
59685,-100,4,2,1,50,0,1
60220,-100,4,2,1,80,0,1
69238,-100,4,2,1,70,0,1
69595,-100,4,2,1,75,0,1
69953,-100,4,2,1,80,0,1
70220,-100,4,2,2,90,0,0
70756,-100,4,2,2,50,0,0
80220,-100,4,2,1,60,0,0
86649,-100,4,2,2,50,0,0
87363,-100,4,2,1,50,0,0


[Colours]
Combo1 : 77,162,255
Combo2 : 255,163,70
Combo3 : 47,255,156
Combo4 : 255,77,233

[HitObjects]
339,73,1470,1,0,0:0:0:0:
340,77,1560,1,0,0:0:0:0:
341,81,1649,2,0,P|334:137|336:182,1,95,6|0,0:0|0:0,0:0:0:0:
183,238,2006,2,0,P|236:243|284:232,1,95,2|0,0:0|0:0,0:0:0:0:
221,156,2363,2,0,P|170:156|121:164,1,95,2|0,0:0|0:0,0:0:0:0:
60,60,2720,1,2,0:0:0:0:
127,163,2899,1,0,0:0:0:0:
60,269,3078,5,2,0:0:0:0:
88,285,3167,1,0,0:0:0:0:
119,296,3256,1,0,3:0:0:0:
152,296,3345,1,0,3:0:0:0:
184,286,3435,1,0,1:0:0:0:
211,267,3524,1,0,1:0:0:0:
236,245,3613,1,4,3:0:0:0:
253,216,3703,1,4,3:0:0:0:
277,194,3792,6,0,P|321:178|369:182,1,95,2|0,0:0|0:0,0:0:0:0:
455,250,4149,2,0,P|409:269|352:260,1,95,8|0,0:0|0:0,0:0:0:0:
251,327,4506,6,0,P|196:257|184:160,1,190,4|10,0:0|0:0,0:0:0:0:
320,15,5220,1,10,0:0:0:0:
296,143,5399,1,10,0:0:0:0:
179,71,5578,1,10,0:0:0:0:
296,143,5756,6,0,P|334:216|307:316,1,190,2|0,0:0|0:0,0:0:0:0:
134,316,6292,1,10,0:0:0:0:
171,240,6470,1,0,0:0:0:0:
306,315,6649,1,10,0:0:0:0:
190,382,6828,1,10,0:0:0:0:
171,240,7006,2,0,P|164:196|166:144,1,95,8|0,0:0|0:0,0:0:0:0:
263,42,7363,5,4,0:0:0:0:
268,47,7720,1,8,0:0:0:0:
442,103,7899,1,4,0:0:0:0:
437,107,8256,5,0,0:0:0:0:
312,154,8435,1,8,0:0:0:0:
338,21,8613,1,0,0:0:0:0:
434,112,8792,5,4,0:0:0:0:
405,236,8970,1,8,0:0:0:0:
402,240,9328,5,4,0:0:0:0:
293,285,9506,1,8,0:0:0:0:
289,289,9863,5,4,0:0:0:0:
190,202,10042,1,8,0:0:0:0:
193,201,10399,5,4,0:0:0:0:
271,104,10578,1,4,0:0:0:0:
394,104,10756,1,4,0:0:0:0:
479,201,10935,1,4,0:0:0:0:
369,347,11292,6,0,B|336:347|307:337|307:337|295:359|295:359|269:348|225:348,1,142.500005435944,8|4,0:0|0:0,0:0:0:0:
161,226,11828,5,0,0:0:0:0:
202,351,12006,1,8,0:0:0:0:
203,219,12185,1,0,0:0:0:0:
166,341,12363,1,2,0:0:0:0:
248,228,12542,1,0,0:0:0:0:
139,308,12720,1,8,0:0:0:0:
274,266,12899,1,0,0:0:0:0:
132,255,13078,6,0,P|119:206|119:159,1,95,2|0,0:0|0:0,0:0:0:0:
87,42,13435,2,0,P|141:55|177:80,1,95,8|0,0:0|0:0,0:0:0:0:
307,171,13792,1,2,0:0:0:0:
188,150,13970,1,0,0:0:0:0:
264,32,14149,2,0,P|257:84|253:132,1,95,8|0,0:0|0:0,0:0:0:0:
217,208,14506,5,2,0:0:0:0:
343,59,14685,1,0,0:0:0:0:
197,174,14863,1,8,0:0:0:0:
359,95,15042,1,0,0:0:0:0:
182,134,15220,2,0,P|130:143|88:137,1,95,2|0,0:0|0:0,0:0:0:0:
374,142,15578,2,0,P|418:132|468:138,1,95,8|0,0:0|0:0,0:0:0:0:
444,233,15935,5,2,0:0:0:0:
378,341,16113,1,0,0:0:0:0:
303,230,16292,2,0,L|293:124,1,95,8|0,0:0|0:0,0:0:0:0:
165,35,16649,2,0,L|173:129,1,95,2|0,0:0|0:0,0:0:0:0:
101,279,17006,1,8,0:0:0:0:
220,200,17185,1,0,0:0:0:0:
106,148,17363,5,4,0:0:0:0:
110,151,17720,2,0,P|57:153|12:168,1,95,8|0,0:0|0:0,0:0:0:0:
180,221,18078,2,0,P|229:221|275:202,1,95,2|0,0:0|0:0,0:0:0:0:
404,43,18435,2,0,P|355:42|313:58,1,95,8|0,0:0|0:0,0:0:0:0:
389,203,18792,5,2,0:0:0:0:
274,128,18970,1,0,0:0:0:0:
254,266,19149,2,0,L|284:378,1,95,8|0,0:0|0:0,0:0:0:0:
193,200,19506,2,0,L|163:88,1,95,2|0,0:0|0:0,0:0:0:0:
18,17,19863,1,8,0:0:0:0:
53,136,20042,1,0,0:0:0:0:
137,42,20220,6,0,P|231:42|295:110,1,190,4|8,0:0|0:0,0:0:0:0:
350,202,20756,1,8,0:0:0:0:
301,288,20935,1,8,0:0:0:0:
305,291,21292,1,8,0:0:0:0:
239,218,21470,1,8,0:0:0:0:
280,122,21649,5,12,0:0:0:0:
161,310,21828,1,8,0:0:0:0:
91,238,22006,1,8,0:0:0:0:
135,149,22185,1,12,0:0:0:0:
141,152,22542,6,0,P|186:162|237:149,1,95,12|8,0:0|0:0,0:0:0:0:
270,141,22810,1,0,3:0:0:0:
307,133,22899,1,4,3:0:0:0:
342,122,22988,1,4,3:0:0:0:
379,111,23078,6,0,P|430:94|476:95,1,95,4|0,0:0|0:0,0:0:0:0:
398,215,23435,2,0,P|358:231|305:230,1,95,8|0,0:0|0:0,0:0:0:0:
172,203,23792,1,2,0:0:0:0:
274,257,23970,1,0,0:0:0:0:
220,357,24149,1,8,0:0:0:0:
119,304,24328,1,0,0:0:0:0:
177,159,24506,5,2,0:0:0:0:
239,257,24685,1,0,0:0:0:0:
142,316,24863,1,8,0:0:0:0:
81,220,25042,1,0,0:0:0:0:
72,91,25220,2,0,P|145:43|245:66,1,190,2|8,0:0|0:0,0:0:0:0:
271,194,25756,1,0,0:0:0:0:
340,113,25935,5,2,0:0:0:0:
344,118,26113,1,0,0:0:0:0:
276,201,26292,2,0,P|286:248|312:296,1,95,8|0,0:0|0:0,0:0:0:0:
448,336,26649,1,2,0:0:0:0:
485,228,26828,1,0,0:0:0:0:
378,191,27006,1,8,0:0:0:0:
341,299,27185,1,0,0:0:0:0:
494,220,27363,5,2,0:0:0:0:
472,108,27542,1,0,0:0:0:0:
361,130,27720,2,0,P|279:160|179:131,1,190,8|2,0:0|0:0,0:0:0:0:
125,22,28256,1,0,0:0:0:0:
269,81,28435,1,8,0:0:0:0:
241,227,28613,1,0,0:0:0:0:
104,288,28792,6,0,P|157:296|212:319,1,95,4|0,0:0|0:0,0:0:0:0:
397,283,29149,2,0,P|339:269|308:253,1,95,8|0,0:0|0:0,0:0:0:0:
232,169,29506,2,0,P|220:123|238:72,1,95,2|0,0:0|0:0,0:0:0:0:
399,11,29863,2,0,P|409:75|394:115,2,95,8|0|2,0:0|0:0|0:0,0:0:0:0:
258,165,30399,5,0,0:0:0:0:
295,283,30578,1,8,0:0:0:0:
386,199,30756,1,0,0:0:0:0:
237,238,30935,1,2,0:0:0:0:
368,277,31113,1,0,0:0:0:0:
330,144,31292,2,0,P|258:91|184:153,1,190,8|4,0:0|0:0,0:0:0:0:
150,222,32006,5,12,0:0:0:0:
159,306,32363,1,12,0:0:0:0:
240,327,32720,1,8,0:0:0:0:
277,311,32810,1,8,0:0:0:0:
316,313,32899,1,8,0:0:0:0:
358,299,32988,1,8,0:0:0:0:
392,277,33078,5,4,0:0:0:0:
363,148,33256,1,4,0:0:0:0:
77,239,33613,2,0,B|77:151|77:151|81:99|139:76,1,190,12|8,0:0|0:0,0:0:0:0:
292,49,34149,1,8,0:0:0:0:
328,71,34238,1,8,0:0:0:0:
349,108,34328,1,8,0:0:0:0:
363,148,34417,1,0,0:0:0:0:
365,193,34506,6,0,L|361:269,1,71.2500027179719,6|0,0:0|0:0,0:0:0:0:
277,331,34863,2,0,P|235:326|199:333,1,71.2500027179719,0|0,0:0|0:0,0:0:0:0:
108,295,35220,2,0,P|106:243|141:196,1,106.875004076958,8|0,0:0|0:0,0:0:0:0:
151,172,35578,2,0,L|134:90,1,71.2500027179719,0|0,0:0|0:0,0:0:0:0:
138,13,36113,6,0,L|152:82,1,71.2500027179719,0|2,0:0|0:0,0:0:0:0:
181,171,36470,1,0,0:0:0:0:
248,112,36649,2,0,P|315:92|398:113,1,142.500005435944,8|2,0:0|0:0,0:0:0:0:
476,85,37185,1,0,0:0:0:0:
444,171,37363,6,0,L|439:262,1,71.2500027179719,2|0,0:0|0:0,0:0:0:0:
512,293,37720,2,0,P|459:333|388:315,1,142.500005435944,0|8,0:0|0:0,0:0:0:0:
334,254,38256,2,0,L|304:170,1,71.2500027179719,0|2,0:0|0:0,0:0:0:0:
225,157,38613,1,0,0:0:0:0:
231,240,38792,6,0,P|237:311|192:368,1,142.500005435944,2|2,0:0|0:0,0:0:0:0:
99,354,39328,2,0,L|106:273,1,71.2500027179719,0|8,0:0|0:0,0:0:0:0:
56,161,39685,1,8,0:0:0:0:
150,224,39863,1,8,0:0:0:0:
172,111,40042,6,0,P|256:132|360:112,1,190,12|2,0:0|0:0,0:0:0:0:
485,168,40578,1,8,0:0:0:0:
384,40,40756,1,0,0:0:0:0:
487,172,40935,2,0,P|429:223|325:201,1,190,2|8,0:0|0:0,0:0:0:0:
222,312,41470,6,0,B|179:251|179:176|179:176|219:146,1,190,12|2,0:0|0:0,0:0:0:0:
311,69,42006,1,8,0:0:0:0:
397,157,42185,1,0,0:0:0:0:
218,150,42363,2,0,L|117:150,1,95,2|0,0:0|0:0,0:0:0:0:
295,272,42720,2,0,L|390:272,1,95,8|0,0:0|0:0,0:0:0:0:
449,80,43078,6,0,P|351:62|276:111,1,190,4|8,0:0|0:0,0:0:0:0:
93,200,43613,2,0,L|286:199,1,190,2|10,0:0|0:0,0:0:0:0:
282,199,44149,1,8,0:0:0:0:
439,154,44328,6,0,P|477:255|426:322,1,190,2|2,0:0|0:0,0:0:0:0:
311,315,44863,1,8,0:0:0:0:
215,333,45042,1,2,0:0:0:0:
133,277,45220,1,10,0:0:0:0:
257,69,45578,1,2,0:0:0:0:
257,64,45935,5,10,0:0:0:0:
162,233,46113,1,10,0:0:0:0:
352,233,46292,1,14,0:0:0:0:
257,53,46649,5,10,0:0:0:0:
143,250,46828,1,10,0:0:0:0:
371,250,47006,1,14,0:0:0:0:
256,43,47363,5,10,0:0:0:0:
108,190,47542,1,10,0:0:0:0:
255,338,47720,1,10,0:0:0:0:
403,190,47899,1,10,0:0:0:0:
255,221,48078,1,14,0:0:0:0:
254,213,48435,5,8,0:0:0:0:
219,216,48524,1,8,0:0:0:0:
180,198,48613,1,4,3:0:0:0:
151,172,48703,1,4,3:0:0:0:
134,131,48792,6,0,P|124:86|124:36,2,95,4|0|8,0:0|0:0|0:0,0:0:0:0:
185,249,49328,1,0,0:0:0:0:
307,156,49506,2,0,P|358:152|410:157,1,95,2|0,0:0|0:0,0:0:0:0:
279,251,49863,2,0,P|235:255|184:249,1,95,8|0,0:0|0:0,0:0:0:0:
13,217,50220,5,2,0:0:0:0:
177,243,50399,1,0,0:0:0:0:
55,121,50578,1,8,0:0:0:0:
83,292,50756,1,0,0:0:0:0:
160,123,50935,2,0,P|256:101|352:126,1,190,2|8,0:0|0:0,0:0:0:0:
426,192,51470,1,0,0:0:0:0:
333,290,51649,6,0,P|323:238|323:191,1,95,2|0,0:0|0:0,0:0:0:0:
416,98,52006,2,0,P|425:148|425:196,1,95,8|0,0:0|0:0,0:0:0:0:
428,337,52363,2,0,P|351:385|257:355,1,190,2|8,0:0|0:0,0:0:0:0:
180,277,52899,1,0,0:0:0:0:
246,159,53078,6,0,P|285:185|315:235,1,95,2|0,0:0|0:0,0:0:0:0:
163,199,53435,2,0,P|146:161|146:105,1,95,8|0,0:0|0:0,0:0:0:0:
175,22,53792,2,0,B|227:15|266:46|266:46|305:75|354:65,1,190,2|8,0:0|0:0,0:0:0:0:
462,54,54328,5,8,0:0:0:0:
476,90,54417,1,8,0:0:0:0:
482,127,54506,2,0,P|486:181|475:223,1,95,12|0,0:0|0:0,0:0:0:0:
328,345,54863,2,0,P|328:298|339:249,1,95,8|0,0:0|0:0,0:0:0:0:
415,127,55220,1,2,0:0:0:0:
370,227,55399,1,0,0:0:0:0:
281,71,55578,1,8,0:0:0:0:
271,80,55935,6,0,P|267:132|273:175,1,95,2|0,0:0|0:0,0:0:0:0:
407,338,56292,2,0,P|412:289|402:238,1,95,8|0,0:0|0:0,0:0:0:0:
331,115,56649,1,2,0:0:0:0:
368,225,56828,1,0,0:0:0:0:
246,164,57006,2,0,P|169:112|76:123,1,190,8|2,0:0|0:0,0:0:0:0:
137,236,57542,6,0,P|178:267|225:283,1,95,4|8,0:0|0:0,0:0:0:0:
323,178,57899,2,0,L|430:146,1,95,0|4,0:0|0:0,0:0:0:0:
417,157,58435,1,8,0:0:0:0:
373,311,58613,1,8,0:0:0:0:
313,151,58792,5,8,0:0:0:0:
461,237,58970,1,8,0:0:0:0:
286,243,59149,2,0,P|235:204|243:84,1,190,4|8,0:0|0:0,0:0:0:0:
409,140,59863,1,8,0:0:0:0:
419,186,59953,1,8,0:0:0:0:
410,232,60042,1,4,3:0:0:0:
378,266,60131,1,8,0:0:0:0:
338,289,60220,6,0,P|268:305|200:273,1,142.5,12|0,0:0|0:0,0:0:0:0:
181,240,60578,1,8,0:0:0:0:
59,305,60756,1,0,0:0:0:0:
101,176,60935,2,0,P|120:110|99:33,1,142.5,2|0,0:0|0:0,0:0:0:0:
78,11,61292,1,8,0:0:0:0:
231,38,61470,1,0,0:0:0:0:
295,120,61649,6,0,P|342:125|387:114,1,95,2|0,0:0|0:0,0:0:0:0:
488,52,62006,1,8,0:0:0:0:
418,294,62185,1,0,0:0:0:0:
335,241,62363,2,0,P|236:241|186:315,1,190,2|8,0:0|0:0,0:0:0:0:
287,156,62899,5,8,0:0:0:0:
273,146,62988,1,8,0:0:0:0:
259,136,63078,2,0,P|215:107|160:97,1,95,8|0,0:0|0:0,0:0:0:0:
12,127,63435,1,8,0:0:0:0:
146,185,63613,1,0,0:0:0:0:
289,41,63792,5,2,0:0:0:0:
211,185,63970,1,0,0:0:0:0:
81,112,64149,1,8,0:0:0:0:
203,185,64328,1,0,0:0:0:0:
296,43,64506,6,0,P|334:43|389:53,1,95,2|0,0:0|0:0,0:0:0:0:
479,200,64863,2,0,P|430:198|381:190,1,95,8|0,0:0|0:0,0:0:0:0:
252,246,65220,2,0,P|164:262|86:205,1,190,2|8,0:0|0:0,0:0:0:0:
199,113,65756,1,0,0:0:0:0:
259,243,65935,5,4,0:0:0:0:
268,225,66292,1,8,0:0:0:0:
277,209,66649,1,4,0:0:0:0:
288,191,67006,1,8,0:0:0:0:
298,177,67363,5,4,0:0:0:0:
470,111,67542,1,8,0:0:0:0:
292,63,67720,1,8,0:0:0:0:
408,207,67899,1,8,0:0:0:0:
399,23,68078,1,4,0:0:0:0:
399,24,68435,6,0,L|357:109,1,95,8|0,0:0|0:0,0:0:0:0:
409,268,68792,2,0,P|330:307|242:267,1,190,4|8,0:0|0:0,0:0:0:0:
149,194,69328,5,8,0:0:0:0:
239,155,69506,1,8,0:0:0:0:
323,214,69685,1,8,0:0:0:0:
149,94,69863,5,8,0:0:0:0:
237,256,70042,1,8,0:0:0:0:
402,68,70220,5,4,0:0:0:0:
398,73,70756,1,2,0:0:0:0:
316,184,70935,2,0,P|342:224|348:282,1,95,2|0,0:0|0:0,0:0:0:0:
170,225,71292,2,0,P|152:193|142:133,1,95,2|0,0:0|0:0,0:0:0:0:
106,343,71649,5,6,0:0:0:0:
174,231,71828,1,0,0:0:0:0:
279,312,72006,2,0,P|327:316|379:309,1,95,10|0,0:0|0:0,0:0:0:0:
512,156,72363,1,10,0:0:0:0:
400,211,72542,1,8,0:0:0:0:
469,333,72720,1,10,0:0:0:0:
400,212,72899,5,0,0:0:0:0:
400,212,72988,1,0,0:0:0:0:
400,212,73078,2,0,P|352:206|306:212,1,95,10|0,0:0|0:0,0:0:0:0:
80,237,73435,2,0,P|127:242|179:229,1,95,10|0,0:0|0:0,0:0:0:0:
264,266,73792,1,10,0:0:0:0:
319,137,73970,1,8,0:0:0:0:
171,77,74149,1,10,0:0:0:0:
318,139,74328,5,0,0:0:0:0:
318,139,74417,1,0,0:0:0:0:
318,139,74506,2,0,P|333:187|335:233,1,95,6|0,0:0|0:0,0:0:0:0:
261,359,74863,2,0,P|259:323|267:255,1,95,10|0,0:0|0:0,0:0:0:0:
392,104,75220,1,10,0:0:0:0:
333,231,75399,1,8,0:0:0:0:
428,293,75578,1,10,0:0:0:0:
334,231,75756,5,0,0:0:0:0:
334,231,75845,1,0,0:0:0:0:
334,231,75935,2,0,P|286:215|239:215,1,95,10|0,0:0|0:0,0:0:0:0:
92,258,76292,2,0,P|80:217|81:163,1,95,8|0,0:0|0:0,0:0:0:0:
19,41,76649,1,10,0:0:0:0:
137,78,76828,1,8,0:0:0:0:
164,225,77006,1,10,0:0:0:0:
197,128,77185,5,0,0:0:0:0:
197,128,77274,1,0,0:0:0:0:
197,128,77363,2,0,P|279:94|370:127,1,190,6|10,0:0|0:0,0:0:0:0:
405,240,77899,1,0,0:0:0:0:
320,308,78078,1,10,0:0:0:0:
287,201,78256,1,10,0:0:0:0:
395,314,78435,1,10,0:0:0:0:
221,228,78613,1,0,0:0:0:0:
379,139,78792,6,0,P|423:144|483:131,1,95,10|0,0:0|0:0,0:0:0:0:
311,72,79149,2,0,P|263:69|214:78,1,95,10|0,0:0|0:0,0:0:0:0:
61,175,79506,2,0,P|102:184|159:176,1,95,10|10,0:0|0:0,0:0:0:0:
217,78,79863,1,10,0:0:0:0:
289,176,80042,1,0,0:0:0:0:
361,66,80220,5,4,0:0:0:0:
170,49,80399,1,0,0:0:0:0:
304,117,80578,1,8,0:0:0:0:
253,27,80756,1,0,0:0:0:0:
242,166,80935,1,8,0:0:0:0:
349,201,81113,1,8,0:0:0:0:
352,205,81203,1,8,0:0:0:0:
355,209,81292,1,8,0:0:0:0:
257,299,81470,1,8,0:0:0:0:
250,124,81828,5,8,0:0:0:0:
314,208,82006,1,8,0:0:0:0:
155,300,82185,1,0,0:0:0:0:
139,130,82363,1,8,0:0:0:0:
370,286,82542,1,8,0:0:0:0:
373,290,82632,1,8,0:0:0:0:
376,294,82721,1,8,0:0:0:0:
345,145,82899,6,0,P|262:109|173:146,1,190,4|0,0:0|0:0,0:0:0:0:
108,231,83435,1,8,0:0:0:0:
42,327,83613,2,0,P|116:345|209:279,1,190,4|0,0:0|0:0,0:0:0:0:
294,219,84149,1,8,0:0:0:0:
274,111,84328,6,0,P|333:62|444:78,1,190,4|0,0:0|0:0,0:0:0:0:
309,249,84863,1,8,0:0:0:0:
173,206,85042,2,0,P|114:157|3:173,1,190,4|0,0:0|0:0,0:0:0:0:
193,337,85578,1,8,0:0:0:0:
198,340,85756,1,4,0:0:0:0:
255,95,86649,6,0,B|255:169|255:169|263:161|263:161|245:161|245:161|255:151|255:151|255:232,1,190,2|2,0:0|0:0,0:0:0:0:
255,87,87363,5,10,0:0:0:0:
346,244,87542,1,10,0:0:0:0:
165,244,87720,1,14,0:0:0:0:
255,71,88078,5,10,0:0:0:0:
360,252,88256,1,10,0:0:0:0:
151,252,88435,1,14,0:0:0:0:
256,50,88792,5,10,0:0:0:0:
327,290,88970,1,10,0:0:0:0:
184,290,89149,1,10,0:0:0:0:
371,154,89328,1,10,0:0:0:0:
140,154,89506,1,14,0:0:0:0:
