osu file format v12

[General]
AudioFilename: 14.  (TV Size).mp3
AudioLeadIn: 0
PreviewTime: 55240
Countdown: 0
SampleSet: Soft
StackLeniency: 0.7
Mode: 0
LetterboxInBreaks: 0
WidescreenStoryboard: 1

[Editor]
DistanceSpacing: 1
BeatDivisor: 4
GridSize: 4
TimelineZoom: 1.400006

[Metadata]
Title:Mezameta Asa ni wa Kimi ga Tonari ni (TV Size)
TitleUnicode:目覚めた朝にはきみが隣に (TV Size)
Artist:Suzuyu
ArtistUnicode:鈴湯
Creator:Kawaiwkyik
Version:Insane
Source:Little Busters! EX
Tags:happy623 Awaken ending
BeatmapID:362949
BeatmapSetID:143812

[Difficulty]
HPDrainRate:6
CircleSize:4
OverallDifficulty:7
ApproachRate:8
SliderMultiplier:1.6
SliderTickRate:1

[Events]
//Background and Video events
0,0,"LBBBBBBBB.jpg",0,0
Video,1025,"Lb Ex ED.avi"
//Break Periods
//Storyboard Layer 0 (Background)
//Storyboard Layer 1 (Fail)
//Storyboard Layer 2 (Pass)
//Storyboard Layer 3 (Foreground)
//Storyboard Sound Samples
//Background Colour Transformations
3,100,163,162,255

[TimingPoints]
605,428.571428571429,4,2,1,30,1,0
7676,-100,4,2,1,15,0,0
7890,-100,4,2,1,30,0,0
8105,-100,4,2,1,15,0,0
8319,-100,4,2,1,30,0,0
8533,-100,4,2,1,15,0,0
8747,-100,4,2,1,30,0,0
8962,-100,4,2,1,10,0,0
9176,-100,4,2,1,30,0,0
9390,-100,4,2,1,15,0,0
9605,-100,4,2,1,30,0,0
9819,-100,4,2,1,15,0,0
10033,-100,4,2,1,30,0,0
10247,-100,4,2,1,15,0,0
10462,-100,4,2,1,30,0,0
10676,-100,4,2,1,15,0,0
10890,-100,4,2,1,30,0,0
11105,-100,4,2,1,15,0,0
11319,-100,4,2,1,30,0,0
11533,-100,4,2,1,15,0,0
11747,-100,4,2,1,30,0,0
11962,-100,4,2,1,15,0,0
12176,-100,4,2,1,30,0,0
12390,-100,4,2,1,15,0,0
12605,-100,4,2,1,30,0,0
12819,-100,4,2,1,15,0,0
13033,-100,4,2,1,30,0,0
13247,-100,4,2,1,15,0,0
13462,-100,4,2,1,30,0,0
13676,-100,4,2,1,15,0,0
13890,-100,4,2,1,30,0,0
14105,-100,4,2,1,15,0,0
14319,-100,4,2,1,30,0,0
14533,-100,4,2,1,15,0,0
14747,-100,4,2,1,30,0,0
14962,-100,4,2,1,15,0,0
15176,-100,4,2,1,30,0,0
15390,-100,4,2,1,15,0,0
15605,-100,4,2,1,30,0,0
15819,-100,4,2,1,15,0,0
16033,-100,4,2,1,30,0,0
16247,-100,4,2,1,15,0,0
16462,-100,4,2,1,30,0,0
16676,-100,4,2,1,15,0,0
16890,-100,4,2,1,30,0,0
17105,-100,4,2,1,15,0,0
17319,-100,4,2,1,30,0,0
17533,-100,4,2,1,15,0,0
17747,-100,4,2,1,30,0,0
18176,-100,4,2,2,30,0,0
19033,-200,4,2,1,30,0,0
20533,-100,4,2,1,30,0,0
21176,-100,4,2,1,30,0,0
21390,-100,4,2,1,15,0,0
21605,-100,4,2,1,30,0,0
21819,-100,4,2,1,15,0,0
22033,-100,4,2,1,30,0,0
22247,-100,4,2,1,15,0,0
22462,-100,4,2,1,30,0,0
22676,-100,4,2,1,15,0,0
22890,-100,4,2,1,30,0,0
23105,-100,4,2,1,15,0,0
23319,-100,4,2,1,30,0,0
23533,-100,4,2,1,15,0,0
23747,-100,4,2,1,30,0,0
23962,-100,4,2,1,15,0,0
24176,-100,4,2,2,30,0,0
24390,-100,4,2,1,15,0,0
24605,-100,4,2,1,30,0,0
24819,-100,4,2,1,15,0,0
25033,-100,4,2,1,30,0,0
25247,-100,4,2,1,15,0,0
25462,-100,4,2,1,30,0,0
25676,-100,4,2,1,15,0,0
25890,-100,4,2,1,30,0,0
26105,-100,4,2,1,15,0,0
26319,-100,4,2,1,30,0,0
26533,-100,4,2,1,15,0,0
26747,-100,4,2,1,30,0,0
26962,-100,4,2,1,15,0,0
27176,-100,4,2,1,30,0,0
27390,-100,4,2,1,15,0,0
27605,-100,4,2,2,30,0,0
27819,-100,4,2,1,15,0,0
28033,-100,4,2,1,30,0,0
28247,-100,4,2,1,15,0,0
28462,-100,4,2,1,30,0,0
28676,-100,4,2,1,15,0,0
28890,-100,4,2,1,30,0,0
29105,-100,4,2,1,15,0,0
29319,-100,4,2,1,30,0,0
29533,-100,4,2,1,15,0,0
29747,-100,4,2,1,30,0,0
29962,-100,4,2,1,15,0,0
30176,-100,4,2,1,30,0,0
30390,-100,4,2,1,15,0,0
30605,-100,4,2,1,30,0,0
30819,-100,4,2,1,15,0,0
31033,-100,4,2,2,30,0,0
31247,-100,4,2,1,15,0,0
31462,-100,4,2,1,30,0,0
31890,-100,4,2,2,30,0,0
33605,410.958904109589,4,2,1,30,1,0
33605,-100,4,2,1,30,0,0
34883,428.571428571429,4,2,1,30,1,0
50525,-100,4,2,1,15,0,0
50740,-100,4,2,1,30,0,0
50954,-100,4,2,1,15,0,0
51168,-100,4,2,1,30,0,0
54383,-100,4,2,1,35,0,0
55025,-100,4,2,1,40,0,0
55454,-100,4,2,1,45,0,1
70853,431.654676258993,4,2,1,30,1,0
70853,-100,4,2,1,30,0,0
71500,-200,4,2,1,30,0,0
71955,428.571428571429,4,2,1,30,1,0
72170,428.571428571429,4,2,1,50,1,0
72170,-83.3333333333333,4,2,1,50,0,1
85884,-100,4,2,1,30,0,0
87620,428.571428571429,4,2,1,20,1,0
87620,-100,4,2,1,20,0,0
88905,444.444444444444,4,2,0,15,1,0
88905,-100,4,2,1,15,0,0
89360,444.444444444444,4,2,0,15,1,0
89360,-133.333333333333,4,2,0,10,0,0
89471,-133.333333333333,4,2,0,15,0,0
94693,461.538461538462,4,2,0,15,1,0
95797,461.538461538462,4,2,0,15,1,0
96027,517.241379310345,4,2,0,15,1,0
96544,517.241379310345,4,2,0,15,1,0
97578,526.315789473684,4,2,0,10,1,0
98104,731.707317073171,4,2,0,10,1,0
98825,731.707317073171,4,2,0,10,1,0
99585,674.157303370787,4,2,0,10,1,0
99922,689.655172413793,4,2,0,10,1,0
100094,705.882352941176,4,2,0,10,1,0
100270,476.190476190476,4,2,0,10,1,0
101244,454.545454545455,4,2,0,10,1,0
102156,454.545454545455,4,2,0,10,1,0


[Colours]
Combo1 : 255,0,128
Combo2 : 255,255,0
Combo3 : 128,0,255

[HitObjects]
144,104,7033,5,8,0:0:0:0:
144,104,7462,6,0,L|48:100,1,80,4|0,0:0|0:0,0:0:0:0:
156,188,7890,1,0,0:0:0:0:
232,144,8105,2,0,L|328:140,1,80
388,80,8533,1,0,0:0:0:0:
452,172,8747,6,0,P|464:212|448:264,1,80
380,296,9176,2,0,P|368:256|384:204,1,80
324,364,9605,2,0,L|232:360,1,80
252,272,10033,2,0,L|164:244,1,80
212,168,10462,2,0,L|134:118,1,80
144,125,10783,1,0,0:0:0:0:
144,125,10890,6,0,P|160:84|152:36,1,80,2|0,0:0|0:0,0:0:0:0:
76,80,11319,2,0,P|60:121|68:169,1,80
128,204,11747,1,0,0:0:0:0:
56,236,11962,1,0,0:0:0:0:
180,264,12176,2,0,L|176:360,1,80
256,224,12605,2,0,L|260:128,1,80
124,60,13033,2,0,P|152:80|208:88,1,80
312,32,13462,5,0,0:0:0:0:
400,40,13676,1,2,0:0:0:0:
432,120,13890,1,0,0:0:0:0:
368,184,14105,1,2,0:0:0:0:
452,208,14319,6,0,L|456:304,1,80
328,336,14747,2,0,L|324:240,1,80
264,180,15176,2,0,P|224:172|168:192,1,80
148,288,15605,2,0,P|188:296|244:276,1,80
100,204,16033,1,0,0:0:0:0:
16,280,16247,1,0,0:0:0:0:
16,280,16462,6,0,L|20:376,1,80
80,220,16890,2,0,L|76:140,1,80
144,80,17319,1,0,0:0:0:0:
196,180,17533,1,0,0:0:0:0:
196,180,17640,1,0,0:0:0:0:
196,180,17747,6,0,B|316:152|316:152|324:116,1,160,4|8,0:0|0:0,0:0:0:0:
188,35,18390,2,0,P|163:109|196:180,1,160,4|8,0:0|0:0,0:0:0:0:
322,115,19033,6,0,B|284:96|284:96|248:116|248:116|216:92|144:88|116:160,1,240,4|0,0:0|0:0,0:0:0:0:
196,180,20533,6,0,P|200:128|184:96,1,80,2|4,0:0|0:0,0:0:0:0:
112,224,20962,1,0,0:0:0:0:
104,236,21069,1,0,0:0:0:0:
96,252,21176,6,0,L|112:356,1,80,4|0,0:0|0:0,0:0:0:0:
11,223,21605,2,0,P|4:184|12:144,1,80
80,80,22033,2,0,P|119:72|159:80,1,80
224,172,22462,1,0,0:0:0:0:
268,68,22676,1,0,0:0:0:0:
144,104,22890,2,0,L|148:188,1,80
236,272,23319,2,0,P|276:280|328:256,1,80
312,268,23640,1,0,0:0:0:0:
312,268,23747,5,0,0:0:0:0:
376,328,23962,1,0,0:0:0:0:
328,184,24176,1,8,0:0:0:0:
392,240,24390,1,0,0:0:0:0:
292,344,24605,6,0,B|252:356|252:356|196:352,1,80
136,239,25033,2,0,P|143:200|136:160,1,80
48,120,25462,2,0,P|40:159|48:199,1,80
128,72,25890,1,0,0:0:0:0:
12,36,26105,2,0,L|116:32,1,80
128,156,26533,1,0,0:0:0:0:
287,103,26747,2,0,L|208:100,1,80
208,112,27069,1,0,0:0:0:0:
208,124,27176,5,0,0:0:0:0:
296,192,27390,1,0,0:0:0:0:
384,124,27605,1,8,0:0:0:0:
264,80,27819,1,0,0:0:0:0:
212,200,28033,6,0,P|222:238|250:266,1,80
380,188,28462,2,0,P|369:149|341:121,1,80
244,64,28890,2,0,B|204:60|204:60|164:24,1,80
48,64,29319,1,0,0:0:0:0:
124,104,29533,2,0,L|120:208,1,80
120,264,29962,1,0,0:0:0:0:
196,224,30176,2,0,P|228:212|284:216,1,80
324,284,30605,2,0,P|292:296|236:292,1,80
308,200,31033,2,0,B|356:196|384:224|384:224|432:208,1,120,8|0,0:0|0:0,0:0:0:0:
449,180,31462,6,0,B|468:144|468:144|484:72|424:32,1,160,4|8,0:0|0:0,0:0:0:0:
243,93,32105,2,0,B|316:124|316:124|396:112,1,160,4|8,0:0|0:0,0:0:0:0:
322,212,32747,2,0,P|288:164|120:204,1,240,4|0,0:0|0:0,0:0:0:0:
188,256,33605,5,8,0:0:0:0:
96,224,33810,2,0,L|56:228,2,40
124,76,34221,1,0,0:0:0:0:
100,84,34324,1,0,0:0:0:0:
76,92,34426,1,8,0:0:0:0:
180,152,34632,1,2,0:0:0:0:
280,47,34883,6,0,P|318:36|364:44,1,80,4|0,0:0|0:0,0:0:0:0:
440,116,35311,1,0,0:0:0:0:
344,172,35525,2,0,L|340:264,2,80,8|0|8,0:0|0:0|3:0,0:0:0:0:
452,208,36168,2,0,L|448:300,1,80,4|0,3:0|0:0,0:0:0:0:
384,360,36597,6,0,P|340:368|292:356,1,80,2|0,0:0|0:0,0:0:0:0:
244,288,37025,1,0,0:0:0:0:
244,288,37240,1,8,0:0:0:0:
148,344,37454,2,0,B|108:336|108:336|80:296,1,80,0|8,0:0|3:0,0:0:0:0:
84,192,37883,2,0,B|124:200|124:200|152:240,1,80,4|0,3:0|0:0,0:0:0:0:
20,252,38311,5,2,0:0:0:0:
8,140,38525,1,0,0:0:0:0:
108,92,38740,1,0,0:0:0:0:
184,172,38954,1,8,0:0:0:0:
184,172,39168,2,0,L|264:168,1,80,0|8,0:0|3:0,0:0:0:0:
320,236,39597,1,4,3:0:0:0:
400,156,39811,1,0,0:0:0:0:
310,247,40025,6,0,P|314:291|338:331,1,80,2|0,0:0|0:0,0:0:0:0:
412,256,40454,1,0,0:0:0:0:
412,256,40668,1,8,0:0:0:0:
400,156,40883,1,0,0:0:0:0:
316,216,41097,1,8,3:0:0:0:
320,96,41311,2,0,B|288:68|288:68|236:48|196:80,1,120,4|0,3:0|0:0,0:0:0:0:
170,138,41740,6,0,P|209:148|248:140,1,80,4|0,0:0|0:0,0:0:0:0:
132,64,42168,2,0,P|93:53|54:62,1,80,0|8,0:0|0:0,0:0:0:0:
4,164,42597,1,0,0:0:0:0:
92,128,42811,1,8,3:0:0:0:
28,36,43025,1,4,3:0:0:0:
96,104,43240,1,0,0:0:0:0:
176,52,43454,6,0,P|208:44|260:56,1,80
332,108,43883,2,0,L|336:200,1,80,0|8,0:0|0:0,0:0:0:0:
216,204,44311,2,0,L|212:112,1,80,0|8,0:0|3:0,0:0:0:0:
340,220,44740,1,0,0:0:0:0:
340,220,44954,1,4,3:0:0:0:
264,324,45168,6,0,P|304:312|356:320,1,80,2|0,0:0|0:0,0:0:0:0:
428,244,45597,2,0,L|432:152,1,80,0|8,0:0|0:0,0:0:0:0:
340,100,46025,1,0,0:0:0:0:
436,88,46240,1,8,3:0:0:0:
348,180,46454,1,4,3:0:0:0:
272,40,46668,1,0,0:0:0:0:
236,124,46883,6,0,P|200:144|80:104,1,160,2|0,0:0|0:0,0:0:0:0:
132,48,47525,1,8,0:0:0:0:
236,124,47740,2,0,P|240:163|233:202,1,80
168,276,48168,2,0,B|220:248|264:284|264:284|304:268,1,120,8|0,0:0|0:0,0:0:0:0:
344,232,48597,6,0,P|355:307|284:360,1,160,4|0,0:0|0:0,0:0:0:0:
279,277,49240,1,0,0:0:0:0:
432,219,49454,2,0,P|440:181|433:141,1,80,8|0,0:0|0:0,0:0:0:0:
380,72,49883,1,0,0:0:0:0:
204,120,50204,5,0,0:0:0:0:
204,120,50311,2,0,L|208:204,1,80,4|0,0:0|0:0,0:0:0:0:
120,164,50740,2,0,L|124:248,1,80
200,288,51168,1,0,0:0:0:0:
92,356,51383,1,0,0:0:0:0:
84,228,51597,1,0,0:0:0:0:
84,228,52025,6,0,P|104:192|104:144,1,80,4|0,0:0|0:0,0:0:0:0:
64,84,52454,2,0,B|104:60|104:60|160:36|232:72,1,160
260,140,53097,1,0,0:0:0:0:
352,36,53311,2,0,L|348:136,1,80
348,115,53633,1,0,0:0:0:0:
348,115,53740,5,2,0:0:0:0:
456,80,53954,1,0,0:0:0:0:
348,115,54168,1,0,0:0:0:0:
436,184,54383,5,8,0:0:0:0:
436,184,54490,1,8,0:0:0:0:
436,184,54597,1,0,0:0:0:0:
380,36,54811,1,8,3:0:0:0:
280,160,55025,1,8,0:0:0:0:
280,160,55133,1,8,0:0:0:0:
280,160,55240,1,0,0:0:0:0:
436,184,55454,6,0,P|448:224|440:272,1,80,6|0,0:0|0:0,0:0:0:0:
288,136,55883,2,0,P|328:124|376:132,1,80,8|0,0:0|0:0,0:0:0:0:
228,208,56311,2,0,P|190:219|150:215,1,80
80,128,56740,2,0,L|76:44,1,80,8|0,0:0|0:0,0:0:0:0:
4,132,57168,1,2,0:0:0:0:
128,192,57383,1,0,0:0:0:0:
28,260,57597,2,0,L|32:360,1,80,8|0,0:0|0:0,0:0:0:0:
120,284,58025,5,0,0:0:0:0:
200,348,58240,1,0,0:0:0:0:
256,260,58454,1,8,0:0:0:0:
312,348,58668,1,0,0:0:0:0:
312,348,58775,1,0,0:0:0:0:
312,348,58883,6,0,L|424:336,1,80,2|0,0:0|0:0,0:0:0:0:
447,231,59311,2,0,L|368:240,1,80,8|0,0:0|0:0,0:0:0:0:
308,176,59740,1,0,0:0:0:0:
312,348,59954,1,0,0:0:0:0:
200,256,60168,1,8,0:0:0:0:
376,276,60383,1,0,0:0:0:0:
228,340,60597,6,0,L|140:344,1,80,2|0,0:0|0:0,0:0:0:0:
272,240,61025,2,0,L|360:236,1,80,8|0,0:0|0:0,0:0:0:0:
424,360,61454,1,0,0:0:0:0:
320,320,61668,1,0,0:0:0:0:
320,320,61775,1,0,0:0:0:0:
320,320,61883,1,8,0:0:0:0:
392,236,62097,1,0,0:0:0:0:
328,144,62311,6,0,L|332:40,1,80,6|0,0:0|0:0,0:0:0:0:
232,188,62740,2,0,L|228:292,1,80,8|0,0:0|0:0,0:0:0:0:
184,104,63168,2,0,P|140:92|92:104,1,80
132,268,63597,1,8,0:0:0:0:
136,172,63811,1,0,0:0:0:0:
48,212,64025,5,2,0:0:0:0:
132,268,64240,2,0,P|172:264|220:272,2,80,0|8|0,0:0|0:0|0:0,0:0:0:0:
331,349,64883,2,0,P|291:353|252:348,2,80,0|0|8,0:0|0:0|0:0,0:0:0:0:
396,280,65525,1,0,0:0:0:0:
408,292,65633,1,0,0:0:0:0:
420,304,65740,6,0,L|428:196,1,80,2|0,0:0|0:0,0:0:0:0:
320,120,66168,2,0,L|325:199,1,80,8|0,0:0|0:0,0:0:0:0:
288,280,66597,1,0,0:0:0:0:
208,200,66811,1,0,0:0:0:0:
320,120,67025,1,8,0:0:0:0:
208,200,67240,1,0,0:0:0:0:
208,200,67347,1,0,0:0:0:0:
208,200,67454,6,0,P|168:208|104:192,1,80,2|0,0:0|0:0,0:0:0:0:
243,123,67883,2,0,P|283:115|347:131,1,80,8|0,0:0|0:0,0:0:0:0:
368,188,68311,1,0,0:0:0:0:
292,280,68525,2,0,L|276:344,1,40
324,284,68740,2,0,P|368:296|420:280,1,80,8|0,0:0|0:0,0:0:0:0:
368,188,69168,6,0,P|312:176|224:244,1,160,6|8,0:0|0:0,0:0:0:0:
324,284,69811,1,0,0:0:0:0:
324,284,69918,1,0,0:0:0:0:
324,284,70025,1,8,0:0:0:0:
208,316,70240,2,0,L|204:384,4,40,0|0|8|0|2,0:0|0:0|0:0|0:0|0:0,0:0:0:0:
240,220,70853,5,4,0:0:0:0:
240,220,71500,2,2,L|236:136,1,80,2|0,0:0|0:0,0:0:0:0:
180,84,72169,5,4,0:0:0:0:
364,116,72384,1,0,0:0:0:0:
332,300,72598,1,8,0:0:0:0:
148,268,72812,1,0,0:0:0:0:
180,84,73027,5,0,0:0:0:0:
332,300,73241,1,0,0:0:0:0:
364,116,73455,1,8,0:0:0:0:
148,267,73670,1,0,0:0:0:0:
256,192,73884,5,2,0:0:0:0:
256,192,74312,1,8,0:0:0:0:
256,192,74527,1,0,0:0:0:0:
352,208,74741,1,0,0:0:0:0:
160,176,74955,1,0,0:0:0:0:
353,199,75170,1,8,0:0:0:0:
158,184,75384,1,0,0:0:0:0:
353,191,75598,5,2,0:0:0:0:
232,40,75812,1,0,0:0:0:0:
232,232,76027,1,8,0:0:0:0:
348,104,76241,1,0,0:0:0:0:
348,104,76348,1,8,0:0:0:0:
348,104,76455,1,0,0:0:0:0:
444,268,76670,1,0,0:0:0:0:
492,184,76884,1,8,0:0:0:0:
396,184,77098,1,0,0:0:0:0:
444,268,77312,5,2,0:0:0:0:
256,360,77741,1,8,0:0:0:0:
68,268,78170,1,0,0:0:0:0:
244,192,78384,1,0,0:0:0:0:
244,192,78491,1,0,0:0:0:0:
244,192,78598,1,8,0:0:0:0:
160,352,78812,1,0,0:0:0:0:
120,168,79027,5,2,0:0:0:0:
120,168,79455,1,8,0:0:0:0:
204,88,79670,1,0,0:0:0:0:
204,88,79777,1,8,0:0:0:0:
204,88,79884,1,0,0:0:0:0:
232,200,80098,1,0,0:0:0:0:
88,36,80312,1,8,0:0:0:0:
328,92,80527,1,0,0:0:0:0:
120,168,80741,5,2,0:0:0:0:
204,88,80955,1,0,0:0:0:0:
232,200,81170,1,8,0:0:0:0:
88,36,81384,1,0,0:0:0:0:
40,236,81598,5,0,0:0:0:0:
232,200,81812,1,0,0:0:0:0:
88,36,82027,1,8,0:0:0:0:
40,236,82241,1,0,0:0:0:0:
256,240,82455,5,2,0:0:0:0:
429,94,82670,1,0,0:0:0:0:
160,150,82884,1,8,0:0:0:0:
390,211,83098,1,0,0:0:0:0:
390,211,83205,1,8,0:0:0:0:
390,211,83312,1,0,0:0:0:0:
256,240,83527,1,0,0:0:0:0:
429,94,83741,1,8,0:0:0:0:
316,72,83955,1,0,0:0:0:0:
390,211,84170,5,2,0:0:0:0:
199,314,84384,1,0,0:0:0:0:
208,96,84598,1,8,0:0:0:0:
310,305,84812,5,0,0:0:0:0:
310,305,84920,1,0,0:0:0:0:
310,305,85027,1,0,0:0:0:0:
328,108,85241,5,0,0:0:0:0:
328,108,85348,1,0,0:0:0:0:
328,108,85455,1,8,0:0:0:0:
156,192,85670,5,0,0:0:0:0:
156,192,85777,1,8,0:0:0:0:
156,192,85884,1,2,0:0:0:0:
256,192,85991,12,2,87620,0:0:0:0:
380,136,88477,6,0,P|324:92|224:108,1,160,2|0,0:0|0:0,0:0:0:0:
168,164,89127,1,0,0:0:0:0:
217,249,89360,6,0,L|297:236,1,60.0000022888184,4|2,0:0|0:0,0:0:0:0:
348,131,90026,2,0,P|377:124|419:134,2,60.0000022888184,2|0|2,0:0|0:0|0:0,0:0:0:0:
227,92,90915,1,0,0:0:0:0:
160,132,91137,2,0,L|166:205,1,60.0000022888184,0|2,0:0|0:0,0:0:0:0:
88,184,91582,2,0,L|94:257,1,60.0000022888184,0|2,0:0|0:0,0:0:0:0:
168,264,92026,1,0,0:0:0:0:
116,324,92248,1,2,0:0:0:0:
168,264,92471,2,0,P|199:266|238:251,1,60.0000022888184,0|2,0:0|0:0,0:0:0:0:
300,288,92915,6,0,L|306:361,1,60.0000022888184,0|2,0:0|0:0,0:0:0:0:
404,228,93582,2,0,L|398:164,2,60.0000022888184,2|0|2,0:0|0:0|0:0,0:0:0:0:
292,120,94471,1,2,0:0:0:0:
292,120,94693,2,0,P|260:129|196:112,1,80,0|2,0:0|0:0,0:0:0:0:
176,52,95154,2,0,P|208:43|272:60,1,80,0|2,0:0|0:0,0:0:0:0:
292,120,95616,1,0,0:0:0:0:
136,132,96027,1,2,0:0:0:0:
256,192,96544,12,2,102156,0:0:0:0:
